 1.84207953e+000 4.60757160e+000
 5.65858312e+000 4.79996405e+000
 6.35257892e+000 3.29085450e+000
 2.90401653e+000 4.61220411e+000
 3.23197916e+000 4.93989405e+000
 1.24792268e+000 4.93267846e+000
 1.97619886e+000 4.43489674e+000
 2.23454135e+000 5.05547168e+000
 2.98340757e+000 4.84046406e+000
 2.97970391e+000 4.80671081e+000
 2.11496411e+000 5.37373587e+000
 2.12169543e+000 5.20854212e+000
 1.51435290e+000 4.77003303e+000
 2.16979227e+000 5.27435354e+000
 4.18523732e-001 4.88312522e+000
 2.47053695e+000 4.80418944e+000
 4.06069132e+000 4.99503862e+000
 3.00708934e+000 4.67897758e+000
 6.66323456e-001 4.87187949e+000
 3.16218650e+000 4.83658301e+000
 5.11552580e-001 4.91052923e+000
 3.13428010e+000 4.96178114e+000
 2.04974595e+000 5.62413950e+000
 6.65827852e-001 5.24399257e+000
 1.01732013e+000 4.84473647e+000
 2.17893568e+000 5.29758701e+000
 2.85962615e+000 5.26041997e+000
 1.30882588e+000 5.30158701e+000
 9.92532455e-001 5.01567424e+000
 1.40372638e+000 4.57527684e+000
 2.66046572e+000 5.19623848e+000
 2.79995882e+000 5.11526323e+000
 2.06995345e+000 4.68467130e+000
 3.29765181e+000 5.59205535e+000
 1.89297660e+000 4.89043209e+000
 2.55983064e+000 5.26397756e+000
 1.15354031e+000 4.67866717e+000
 2.25150754e+000 5.44500310e+000
 2.20960296e+000 4.91469264e+000
 1.59141937e+000 4.83212573e+000
 1.67838038e+000 5.26903822e+000
 2.59148642e+000 4.92593394e+000
 2.80996442e+000 5.53849899e+000
 9.53116272e-001 5.58037108e+000
 1.51775276e+000 5.03836638e+000
 3.23114248e+000 5.78429665e+000
 2.54180011e+000 4.81098738e+000
 3.81422865e+000 4.73526796e+000
 1.68495829e+000 4.59643553e+000
 2.17777173e+000 4.86154019e+000
 1.81733280e+000 5.13333907e+000
 1.85776553e+000 4.86962414e+000
 3.03084301e+000 5.24057582e+000
 2.92658295e+000 5.09667923e+000
 3.43493543e+000 5.34080741e+000
 3.20367116e+000 4.85924759e+000
 1.05118039e-001 4.72916344e+000
 1.40597916e+000 5.06636822e+000
 2.24185052e+000 4.92446170e+000
 1.36678395e+000 5.26161095e+000
 1.70725482e+000 4.04231479e+000
 1.91909566e+000 5.57848447e+000
 1.60156731e+000 4.64453012e+000
 3.79634371e-001 5.26194729e+000
 2.02134502e+000 4.41267445e+000
 1.12036737e+000 5.20880747e+000
 2.26901428e+000 4.61818883e+000
 -2.45127128e-001 5.74019237e+000
 2.12857843e+000 5.01149793e+000
 1.84419981e+000 5.03153948e+000
 2.32558253e+000 4.74867962e+000
 1.52334113e+000 4.87916159e+000
 1.02285128e+000 5.01050650e+000
 1.85382737e+000 5.00752482e+000
 2.20321658e+000 4.94516379e+000
 1.20099981e+000 4.57829763e+000
 1.02062703e+000 4.62991119e+000
 1.60493227e+000 5.13663139e+000
 4.76473551e-001 5.13535977e+000
 3.63917204e-001 4.73332823e+000
 3.13198450e-001 5.54694644e+000
 2.28664839e+000 5.00766990e+000
 2.15460139e+000 5.46282959e+000
 2.05288518e+000 4.77958559e+000
 4.88804332e+000 5.50670795e+000
 2.40304747e+000 5.08147326e+000
 2.56869453e+000 5.20687886e+000
 1.82975993e+000 4.59657288e+000
 5.48452232e-001 5.02672980e+000
 3.17109619e+000 5.59464520e+000
 3.04202069e+000 5.00758373e+000
 2.40427775e+000 5.02587070e+000
 1.77834664e-001 5.29765032e+000
 2.61428678e+000 5.22287414e+000
 2.30097798e+000 4.97235844e+000
 3.90779317e+000 5.09464676e+000
 2.05670542e+000 5.23391326e+000
 1.38133497e+000 5.00194962e+000
 1.16074178e+000 4.67727927e+000
 1.72818199e+000 5.36028437e+000
 3.20360621e+000 7.22214903e-001
 3.06192918e+000 1.57192110e+000
 4.01714917e+000 1.16070647e+000
 1.40260822e+000 1.08726536e+000
 4.08164951e+000 8.72003429e-001
 3.15273081e+000 9.81558711e-001
 3.45186351e+000 4.27840834e-001
 3.85384314e+000 7.92047903e-001
 1.57449255e+000 1.34811126e+000
 4.72372078e+000 6.20441358e-001
 2.87961084e+000 7.54137411e-001
 9.67913477e-001 1.16166819e+000
 1.53178107e+000 1.10054852e+000
 4.13835915e+000 1.24780979e+000
 3.16109021e+000 1.29422893e+000
 2.95177039e+000 8.95831432e-001
 3.27844295e+000 1.75043926e+000
 2.12701850e+000 9.56720425e-001
 3.32648885e+000 1.28019066e+000
 2.54371489e+000 9.57327159e-001
 3.23394700e+000 1.08202324e+000
 4.43152976e+000 5.40410003e-001
 3.56478625e+000 1.11764714e+000
 4.25588482e+000 9.06439572e-001
 4.05386581e+000 5.32918621e-001
 3.08970176e+000 1.08814448e+000
 2.84734459e+000 2.67592532e-001
 3.63586049e+000 1.12160194e+000
 1.95538864e+000 1.32156857e+000
 2.88384005e+000 8.04545065e-001
 3.48444387e+000 1.13551448e+000
 3.49798412e+000 1.10046402e+000
 2.45575934e+000 7.89046542e-001
 3.20380010e+000 1.02728075e+000
 3.00677254e+000 6.25191282e-001
 1.96547974e+000 1.21730760e+000
 2.17989333e+000 1.30879831e+000
 2.61207029e+000 9.90768557e-001
 3.95549912e+000 8.32692990e-001
 3.64846482e+000 1.62849697e+000
 4.18450011e+000 4.53562031e-001
 3.78757230e+000 1.45442904e+000
 3.30063655e+000 1.28107588e+000
 3.02836363e+000 1.35635189e+000
 3.18412176e+000 1.41410799e+000
 4.16911897e+000 2.05810377e-001
 3.24024211e+000 1.14876237e+000
 3.91596068e+000 1.01225774e+000
 2.96979716e+000 1.01210306e+000
 1.12993856e+000 7.70852844e-001
 2.71730799e+000 4.86975546e-001
 3.11890170e+000 6.94383356e-001
 2.40518020e+000 1.11778123e+000
 2.95818429e+000 1.01887096e+000
 1.65456309e+000 1.18631175e+000
 2.39775807e+000 1.24721387e+000
 2.28409305e+000 6.48654690e-001
 2.79588724e+000 9.95266637e-001
 3.41156277e+000 1.15963630e+000
 3.50663521e+000 7.38781044e-001
 3.93616029e+000 1.46202934e+000
 3.90206657e+000 1.27778751e+000
 2.61036396e+000 8.80276019e-001
 4.37271861e+000 1.02914092e+000
 3.08349136e+000 1.19632644e+000
 2.11599350e+000 7.93036500e-001
 2.15653404e+000 4.03588607e-001
 2.14491101e+000 1.13582399e+000
 1.84935524e+000 1.02232644e+000
 4.15908160e+000 6.17207325e-001
 2.76494499e+000 1.43148951e+000
 3.90561153e+000 1.16575315e+000
 2.54071672e+000 9.83925159e-001
 4.27783068e+000 1.18013680e+000
 3.31058167e+000 1.03124461e+000
 2.15520661e+000 8.06965624e-001
 3.71363659e+000 4.58132082e-001
 3.54010186e+000 8.64461352e-001
 1.60519991e+000 1.10980530e+000
 1.75164337e+000 6.88535361e-001
 3.12405123e+000 6.78217567e-001
 2.37198785e+000 1.42789607e+000
 2.53446019e+000 1.21562081e+000
 3.68344650e+000 1.22834538e+000
 3.26701340e+000 3.20566759e-001
 3.94159139e+000 8.25774380e-001
 3.26455140e+000 1.38368690e+000
 4.30471138e+000 1.10725995e+000
 2.68499376e+000 3.53449433e-001
 3.12635184e+000 1.28068930e+000
 2.94294356e+000 1.02825076e+000
 3.11876541e+000 1.33285459e+000
 2.02358978e+000 4.47716138e-001
 3.62202931e+000 1.28643763e+000
 2.42865879e+000 8.64992845e-001
 2.09517296e+000 1.14010491e+000
 5.29239452e+000 3.68732980e-001
 2.07291709e+000 1.16763851e+000
 9.46232083e-001 2.45222528e-001
 2.73911908e+000 1.10072284e+000
 6.00506534e+000 2.72784171e+000
 6.05696411e+000 2.94970433e+000
 6.77012767e+000 3.21411422e+000
 5.64034678e+000 2.69385282e+000
 5.63325403e+000 2.99002339e+000
 6.17443157e+000 3.29026488e+000
 7.24694794e+000 2.96877424e+000
 5.58162906e+000 3.33510375e+000
 5.36272050e+000 3.14681192e+000
 4.70775773e+000 2.78710869e+000
 7.42892098e+000 3.46679490e+000
 6.64107248e+000 3.05998738e+000
 6.37473652e+000 2.56253059e+000
 7.28780324e+000 2.75179885e+000
 6.20295231e+000 2.67856179e+000
 5.38736041e+000 2.26737346e+000
 5.66731030e+000 2.96477867e+000
 6.59702155e+000 3.07082376e+000
 7.75660559e+000 3.15604465e+000
 6.63262745e+000 3.14799183e+000
 5.76634959e+000 3.14271707e+000
 5.99423154e+000 2.75707858e+000
 6.37870407e+000 2.65022321e+000
 5.74036233e+000 3.10391306e+000
 4.61652442e+000 2.79320715e+000
 5.33533999e+000 3.03928694e+000
 5.37293912e+000 2.81684776e+000
 5.03611162e+000 2.92486087e+000
 5.52908677e+000 3.33681576e+000
 6.05086942e+000 2.80702594e+000
 5.13200900e+000 2.19812195e+000
 5.73284945e+000 2.87738132e+000
 6.78110732e+000 3.05676866e+000
 6.44834449e+000 3.35299225e+000
 6.39941482e+000 2.89756948e+000
 5.86067925e+000 2.99577129e+000
 6.44765183e+000 3.16560945e+000
 5.36708111e+000 3.19502552e+000
 5.88735565e+000 3.34615566e+000
 3.96162465e+000 2.72025046e+000
 6.28438193e+000 3.17360643e+000
 4.20584789e+000 2.81647368e+000
 5.32615581e+000 3.03314047e+000
 7.17135204e+000 3.41227270e+000
 7.49492750e+000 2.84018754e+000
 7.39807241e+000 3.48487031e+000
 5.02432984e+000 2.98683179e+000
 5.31712478e+000 2.81741356e+000
 5.87655237e+000 3.21661109e+000
 6.03762833e+000 2.68303512e+000
 5.91280273e+000 2.85631938e+000
 6.69451358e+000 2.89056083e+000
 6.01017978e+000 2.72401338e+000
 6.92721968e+000 3.19960026e+000
 6.33559522e+000 3.30864291e+000
 6.24257071e+000 2.79179269e+000
 5.57812294e+000 3.24766016e+000
 6.40773863e+000 2.67554951e+000
 6.80029526e+000 3.17579578e+000
 7.21684033e+000 2.72896575e+000
 6.51100740e+000 2.72731907e+000
 4.60630534e+000 3.32945800e+000
 7.65503226e+000 2.87095628e+000
 5.50295759e+000 2.62924634e+000
 6.63060699e+000 3.01502301e+000
 3.45928006e+000 2.68478445e+000
 8.20339815e+000 2.41693495e+000
 4.95679428e+000 2.89776297e+000
 5.37052667e+000 2.44954813e+000
 5.69797866e+000 2.94977132e+000
 6.27376271e+000 2.24256036e+000
 5.05274526e+000 2.75692163e+000
 6.88575584e+000 2.88845269e+000
 4.18774420e+000 2.89283463e+000
 5.97510328e+000 3.02591910e+000
 6.09457129e+000 2.61867975e+000
 5.72395697e+000 3.04454219e+000
 4.37249767e+000 3.05488217e+000
 6.29206262e+000 2.77573856e+000
 5.14533035e+000 4.13225692e+000
 6.58705650e+000 3.37508345e+000
 5.78769095e+000 3.29255127e+000
 6.72798098e+000 3.00439830e+000
 6.64078939e+000 2.41068839e+000
 6.23228878e+000 2.72850902e+000
 6.21772724e+000 2.80994633e+000
 5.78116301e+000 3.07987787e+000
 6.62447253e+000 2.74453743e+000
 5.19590823e+000 3.06972937e+000
 5.87177181e+000 3.25517730e+000
 5.89562099e+000 2.89843977e+000
 5.61754320e+000 2.59750710e+000
 5.63176103e+000 3.04758747e+000
 5.50258659e+000 3.11869075e+000
 6.48212628e+000 2.55085140e+000
 7.30278708e+000 3.38015979e+000
 6.99198434e+000 2.98706729e+000
 4.82553410e+000 2.77961664e+000
 6.11768055e+000 2.85475655e+000
 9.40489440e-001 5.71556802e+000